Dynamical matrix file
phonons of Si mesh                                                         
  1    2   0   7.3077063   0.0000000   0.0000000   0.0000000   0.0000000   0.0000000
Basis vectors
      0.707106781    0.707106781    0.000000000
      0.707106781    0.000000000    0.707106781
      0.000000000    0.707106781    0.707106781
           1  'Si  '    25598.367289828169     
    1    1      0.0000000000      0.0000000000      0.0000000000
    2    1      0.3535533905      0.3535533905      0.3535533905

     Dynamical  Matrix in cartesian axes

     q = (    0.530330086  -0.530330086  -0.176776695 ) 

    1    1
  0.24638724   0.00000000    -0.00600599   0.00000000    -0.00631735  -0.00780320
 -0.00600599   0.00000000     0.24638724   0.00000000     0.00631735   0.00780320
 -0.00631735   0.00780320     0.00631735  -0.00780320     0.29770675   0.00000000
    1    2
 -0.06167280   0.06054626    -0.13564215  -0.04142285    -0.04349785   0.04114619
 -0.13564215  -0.04142285    -0.06167280   0.06054626     0.04349785  -0.04114619
 -0.04349785   0.04114619     0.04349785  -0.04114619    -0.08028028   0.05878154
    2    1
 -0.06167280  -0.06054626    -0.13564215   0.04142285    -0.04349785  -0.04114619
 -0.13564215   0.04142285    -0.06167280  -0.06054626     0.04349785   0.04114619
 -0.04349785  -0.04114619     0.04349785   0.04114619    -0.08028028  -0.05878154
    2    2
  0.24638724   0.00000000    -0.00600599   0.00000000    -0.00631735   0.00780320
 -0.00600599   0.00000000     0.24638724   0.00000000     0.00631735  -0.00780320
 -0.00631735  -0.00780320     0.00631735   0.00780320     0.29770675   0.00000000

     Dynamical  Matrix in cartesian axes

     q = (   -0.530330086   0.530330086  -0.176776695 ) 

    1    1
  0.24638724   0.00000000    -0.00600599   0.00000000     0.00631735   0.00780320
 -0.00600599   0.00000000     0.24638724   0.00000000    -0.00631735  -0.00780320
  0.00631735  -0.00780320    -0.00631735   0.00780320     0.29770675   0.00000000
    1    2
 -0.06167280   0.06054626    -0.13564215  -0.04142285     0.04349785  -0.04114619
 -0.13564215  -0.04142285    -0.06167280   0.06054626    -0.04349785   0.04114619
  0.04349785  -0.04114619    -0.04349785   0.04114619    -0.08028028   0.05878154
    2    1
 -0.06167280  -0.06054626    -0.13564215   0.04142285     0.04349785   0.04114619
 -0.13564215   0.04142285    -0.06167280  -0.06054626    -0.04349785  -0.04114619
  0.04349785   0.04114619    -0.04349785  -0.04114619    -0.08028028  -0.05878154
    2    2
  0.24638724   0.00000000    -0.00600599   0.00000000     0.00631735  -0.00780320
 -0.00600599   0.00000000     0.24638724   0.00000000    -0.00631735   0.00780320
  0.00631735   0.00780320    -0.00631735  -0.00780320     0.29770675   0.00000000

     Dynamical  Matrix in cartesian axes

     q = (   -0.530330086  -0.530330086  -0.176776695 ) 

    1    1
  0.24638724   0.00000000     0.00600599   0.00000000     0.00631735  -0.00780320
  0.00600599   0.00000000     0.24638724   0.00000000     0.00631735  -0.00780320
  0.00631735   0.00780320     0.00631735   0.00780320     0.29770675   0.00000000
    1    2
  0.06167280   0.06054626    -0.13564215   0.04142285    -0.04349785  -0.04114619
 -0.13564215   0.04142285     0.06167280   0.06054626    -0.04349785  -0.04114619
 -0.04349785  -0.04114619    -0.04349785  -0.04114619     0.08028028   0.05878154
    2    1
  0.06167280  -0.06054626    -0.13564215  -0.04142285    -0.04349785   0.04114619
 -0.13564215  -0.04142285     0.06167280  -0.06054626    -0.04349785   0.04114619
 -0.04349785   0.04114619    -0.04349785   0.04114619     0.08028028  -0.05878154
    2    2
  0.24638724   0.00000000     0.00600599   0.00000000     0.00631735   0.00780320
  0.00600599   0.00000000     0.24638724   0.00000000     0.00631735   0.00780320
  0.00631735  -0.00780320     0.00631735  -0.00780320     0.29770675   0.00000000

     Dynamical  Matrix in cartesian axes

     q = (    0.530330086   0.530330086  -0.176776695 ) 

    1    1
  0.24638724   0.00000000     0.00600599   0.00000000    -0.00631735   0.00780320
  0.00600599   0.00000000     0.24638724   0.00000000    -0.00631735   0.00780320
 -0.00631735  -0.00780320    -0.00631735  -0.00780320     0.29770675   0.00000000
    1    2
 -0.06054626   0.06167280    -0.04142285  -0.13564215    -0.04114619   0.04349785
 -0.04142285  -0.13564215    -0.06054626   0.06167280    -0.04114619   0.04349785
 -0.04114619   0.04349785    -0.04114619   0.04349785    -0.05878154   0.08028028
    2    1
 -0.06054626  -0.06167280    -0.04142285   0.13564215    -0.04114619  -0.04349785
 -0.04142285   0.13564215    -0.06054626  -0.06167280    -0.04114619  -0.04349785
 -0.04114619  -0.04349785    -0.04114619  -0.04349785    -0.05878154  -0.08028028
    2    2
  0.24638724   0.00000000     0.00600599   0.00000000    -0.00631735  -0.00780320
  0.00600599   0.00000000     0.24638724   0.00000000    -0.00631735  -0.00780320
 -0.00631735   0.00780320    -0.00631735   0.00780320     0.29770675   0.00000000

     Dynamical  Matrix in cartesian axes

     q = (   -0.530330086   0.176776695   0.530330086 ) 

    1    1
  0.24638724   0.00000000    -0.00631735   0.00780320    -0.00600599   0.00000000
 -0.00631735  -0.00780320     0.29770675   0.00000000     0.00631735   0.00780320
 -0.00600599   0.00000000     0.00631735  -0.00780320     0.24638724   0.00000000
    1    2
 -0.06167280  -0.06054626    -0.04349785  -0.04114619    -0.13564215   0.04142285
 -0.04349785  -0.04114619    -0.08028028  -0.05878154     0.04349785   0.04114619
 -0.13564215   0.04142285     0.04349785   0.04114619    -0.06167280  -0.06054626
    2    1
 -0.06167280   0.06054626    -0.04349785   0.04114619    -0.13564215  -0.04142285
 -0.04349785   0.04114619    -0.08028028   0.05878154     0.04349785  -0.04114619
 -0.13564215  -0.04142285     0.04349785  -0.04114619    -0.06167280   0.06054626
    2    2
  0.24638724   0.00000000    -0.00631735  -0.00780320    -0.00600599   0.00000000
 -0.00631735   0.00780320     0.29770675   0.00000000     0.00631735  -0.00780320
 -0.00600599   0.00000000     0.00631735   0.00780320     0.24638724   0.00000000

     Dynamical  Matrix in cartesian axes

     q = (   -0.176776695   0.530330086   0.530330086 ) 

    1    1
  0.29770675   0.00000000    -0.00631735  -0.00780320    -0.00631735  -0.00780320
 -0.00631735   0.00780320     0.24638724   0.00000000     0.00600599   0.00000000
 -0.00631735   0.00780320     0.00600599   0.00000000     0.24638724   0.00000000
    1    2
 -0.05878154   0.08028028    -0.04114619   0.04349785    -0.04114619   0.04349785
 -0.04114619   0.04349785    -0.06054626   0.06167280    -0.04142285  -0.13564215
 -0.04114619   0.04349785    -0.04142285  -0.13564215    -0.06054626   0.06167280
    2    1
 -0.05878154  -0.08028028    -0.04114619  -0.04349785    -0.04114619  -0.04349785
 -0.04114619  -0.04349785    -0.06054626  -0.06167280    -0.04142285   0.13564215
 -0.04114619  -0.04349785    -0.04142285   0.13564215    -0.06054626  -0.06167280
    2    2
  0.29770675   0.00000000    -0.00631735   0.00780320    -0.00631735   0.00780320
 -0.00631735  -0.00780320     0.24638724   0.00000000     0.00600599   0.00000000
 -0.00631735  -0.00780320     0.00600599   0.00000000     0.24638724   0.00000000

     Dynamical  Matrix in cartesian axes

     q = (    0.530330086   0.530330086   0.176776695 ) 

    1    1
  0.24638724   0.00000000     0.00600599   0.00000000     0.00631735   0.00780320
  0.00600599   0.00000000     0.24638724   0.00000000     0.00631735   0.00780320
  0.00631735  -0.00780320     0.00631735  -0.00780320     0.29770675   0.00000000
    1    2
  0.06167280  -0.06054626    -0.13564215  -0.04142285    -0.04349785   0.04114619
 -0.13564215  -0.04142285     0.06167280  -0.06054626    -0.04349785   0.04114619
 -0.04349785   0.04114619    -0.04349785   0.04114619     0.08028028  -0.05878154
    2    1
  0.06167280   0.06054626    -0.13564215   0.04142285    -0.04349785  -0.04114619
 -0.13564215   0.04142285     0.06167280   0.06054626    -0.04349785  -0.04114619
 -0.04349785  -0.04114619    -0.04349785  -0.04114619     0.08028028   0.05878154
    2    2
  0.24638724   0.00000000     0.00600599   0.00000000     0.00631735  -0.00780320
  0.00600599   0.00000000     0.24638724   0.00000000     0.00631735  -0.00780320
  0.00631735   0.00780320     0.00631735   0.00780320     0.29770675   0.00000000

     Dynamical  Matrix in cartesian axes

     q = (   -0.530330086  -0.530330086   0.176776695 ) 

    1    1
  0.24638724   0.00000000     0.00600599   0.00000000    -0.00631735  -0.00780320
  0.00600599   0.00000000     0.24638724   0.00000000    -0.00631735  -0.00780320
 -0.00631735   0.00780320    -0.00631735   0.00780320     0.29770675   0.00000000
    1    2
 -0.06054626  -0.06167280    -0.04142285   0.13564215    -0.04114619  -0.04349785
 -0.04142285   0.13564215    -0.06054626  -0.06167280    -0.04114619  -0.04349785
 -0.04114619  -0.04349785    -0.04114619  -0.04349785    -0.05878154  -0.08028028
    2    1
 -0.06054626   0.06167280    -0.04142285  -0.13564215    -0.04114619   0.04349785
 -0.04142285  -0.13564215    -0.06054626   0.06167280    -0.04114619   0.04349785
 -0.04114619   0.04349785    -0.04114619   0.04349785    -0.05878154   0.08028028
    2    2
  0.24638724   0.00000000     0.00600599   0.00000000    -0.00631735   0.00780320
  0.00600599   0.00000000     0.24638724   0.00000000    -0.00631735   0.00780320
 -0.00631735  -0.00780320    -0.00631735  -0.00780320     0.29770675   0.00000000

     Dynamical  Matrix in cartesian axes

     q = (    0.176776695  -0.530330086  -0.530330086 ) 

    1    1
  0.29770675   0.00000000    -0.00631735   0.00780320    -0.00631735   0.00780320
 -0.00631735  -0.00780320     0.24638724   0.00000000     0.00600599   0.00000000
 -0.00631735  -0.00780320     0.00600599   0.00000000     0.24638724   0.00000000
    1    2
 -0.05878154  -0.08028028    -0.04114619  -0.04349785    -0.04114619  -0.04349785
 -0.04114619  -0.04349785    -0.06054626  -0.06167280    -0.04142285   0.13564215
 -0.04114619  -0.04349785    -0.04142285   0.13564215    -0.06054626  -0.06167280
    2    1
 -0.05878154   0.08028028    -0.04114619   0.04349785    -0.04114619   0.04349785
 -0.04114619   0.04349785    -0.06054626   0.06167280    -0.04142285  -0.13564215
 -0.04114619   0.04349785    -0.04142285  -0.13564215    -0.06054626   0.06167280
    2    2
  0.29770675   0.00000000    -0.00631735  -0.00780320    -0.00631735  -0.00780320
 -0.00631735   0.00780320     0.24638724   0.00000000     0.00600599   0.00000000
 -0.00631735   0.00780320     0.00600599   0.00000000     0.24638724   0.00000000

     Dynamical  Matrix in cartesian axes

     q = (   -0.530330086  -0.176776695   0.530330086 ) 

    1    1
  0.24638724   0.00000000     0.00631735   0.00780320    -0.00600599   0.00000000
  0.00631735  -0.00780320     0.29770675   0.00000000    -0.00631735   0.00780320
 -0.00600599   0.00000000    -0.00631735  -0.00780320     0.24638724   0.00000000
    1    2
 -0.06167280   0.06054626     0.04349785  -0.04114619    -0.13564215  -0.04142285
  0.04349785  -0.04114619    -0.08028028   0.05878154    -0.04349785   0.04114619
 -0.13564215  -0.04142285    -0.04349785   0.04114619    -0.06167280   0.06054626
    2    1
 -0.06167280  -0.06054626     0.04349785   0.04114619    -0.13564215   0.04142285
  0.04349785   0.04114619    -0.08028028  -0.05878154    -0.04349785  -0.04114619
 -0.13564215   0.04142285    -0.04349785  -0.04114619    -0.06167280  -0.06054626
    2    2
  0.24638724   0.00000000     0.00631735  -0.00780320    -0.00600599   0.00000000
  0.00631735   0.00780320     0.29770675   0.00000000    -0.00631735  -0.00780320
 -0.00600599   0.00000000    -0.00631735   0.00780320     0.24638724   0.00000000

     Dynamical  Matrix in cartesian axes

     q = (    0.530330086  -0.530330086   0.176776695 ) 

    1    1
  0.24638724   0.00000000    -0.00600599   0.00000000     0.00631735  -0.00780320
 -0.00600599   0.00000000     0.24638724   0.00000000    -0.00631735   0.00780320
  0.00631735   0.00780320    -0.00631735  -0.00780320     0.29770675   0.00000000
    1    2
 -0.06167280  -0.06054626    -0.13564215   0.04142285     0.04349785   0.04114619
 -0.13564215   0.04142285    -0.06167280  -0.06054626    -0.04349785  -0.04114619
  0.04349785   0.04114619    -0.04349785  -0.04114619    -0.08028028  -0.05878154
    2    1
 -0.06167280   0.06054626    -0.13564215  -0.04142285     0.04349785  -0.04114619
 -0.13564215  -0.04142285    -0.06167280   0.06054626    -0.04349785   0.04114619
  0.04349785  -0.04114619    -0.04349785   0.04114619    -0.08028028   0.05878154
    2    2
  0.24638724   0.00000000    -0.00600599   0.00000000     0.00631735   0.00780320
 -0.00600599   0.00000000     0.24638724   0.00000000    -0.00631735  -0.00780320
  0.00631735  -0.00780320    -0.00631735   0.00780320     0.29770675   0.00000000

     Dynamical  Matrix in cartesian axes

     q = (   -0.530330086   0.176776695  -0.530330086 ) 

    1    1
  0.24638724   0.00000000    -0.00631735  -0.00780320     0.00600599   0.00000000
 -0.00631735   0.00780320     0.29770675   0.00000000    -0.00631735   0.00780320
  0.00600599   0.00000000    -0.00631735  -0.00780320     0.24638724   0.00000000
    1    2
 -0.06054626  -0.06167280    -0.04114619  -0.04349785    -0.04142285   0.13564215
 -0.04114619  -0.04349785    -0.05878154  -0.08028028    -0.04114619  -0.04349785
 -0.04142285   0.13564215    -0.04114619  -0.04349785    -0.06054626  -0.06167280
    2    1
 -0.06054626   0.06167280    -0.04114619   0.04349785    -0.04142285  -0.13564215
 -0.04114619   0.04349785    -0.05878154   0.08028028    -0.04114619   0.04349785
 -0.04142285  -0.13564215    -0.04114619   0.04349785    -0.06054626   0.06167280
    2    2
  0.24638724   0.00000000    -0.00631735   0.00780320     0.00600599   0.00000000
 -0.00631735  -0.00780320     0.29770675   0.00000000    -0.00631735  -0.00780320
  0.00600599   0.00000000    -0.00631735   0.00780320     0.24638724   0.00000000

     Dynamical  Matrix in cartesian axes

     q = (    0.530330086   0.176776695   0.530330086 ) 

    1    1
  0.24638724   0.00000000     0.00631735   0.00780320     0.00600599   0.00000000
  0.00631735  -0.00780320     0.29770675   0.00000000     0.00631735  -0.00780320
  0.00600599   0.00000000     0.00631735   0.00780320     0.24638724   0.00000000
    1    2
  0.06167280  -0.06054626    -0.04349785   0.04114619    -0.13564215  -0.04142285
 -0.04349785   0.04114619     0.08028028  -0.05878154    -0.04349785   0.04114619
 -0.13564215  -0.04142285    -0.04349785   0.04114619     0.06167280  -0.06054626
    2    1
  0.06167280   0.06054626    -0.04349785  -0.04114619    -0.13564215   0.04142285
 -0.04349785  -0.04114619     0.08028028   0.05878154    -0.04349785  -0.04114619
 -0.13564215   0.04142285    -0.04349785  -0.04114619     0.06167280   0.06054626
    2    2
  0.24638724   0.00000000     0.00631735  -0.00780320     0.00600599   0.00000000
  0.00631735   0.00780320     0.29770675   0.00000000     0.00631735   0.00780320
  0.00600599   0.00000000     0.00631735  -0.00780320     0.24638724   0.00000000

     Dynamical  Matrix in cartesian axes

     q = (   -0.176776695   0.530330086  -0.530330086 ) 

    1    1
  0.29770675   0.00000000    -0.00631735   0.00780320     0.00631735  -0.00780320
 -0.00631735  -0.00780320     0.24638724   0.00000000    -0.00600599   0.00000000
  0.00631735   0.00780320    -0.00600599   0.00000000     0.24638724   0.00000000
    1    2
 -0.08028028   0.05878154    -0.04349785   0.04114619     0.04349785  -0.04114619
 -0.04349785   0.04114619    -0.06167280   0.06054626    -0.13564215  -0.04142285
  0.04349785  -0.04114619    -0.13564215  -0.04142285    -0.06167280   0.06054626
    2    1
 -0.08028028  -0.05878154    -0.04349785  -0.04114619     0.04349785   0.04114619
 -0.04349785  -0.04114619    -0.06167280  -0.06054626    -0.13564215   0.04142285
  0.04349785   0.04114619    -0.13564215   0.04142285    -0.06167280  -0.06054626
    2    2
  0.29770675   0.00000000    -0.00631735  -0.00780320     0.00631735   0.00780320
 -0.00631735   0.00780320     0.24638724   0.00000000    -0.00600599   0.00000000
  0.00631735  -0.00780320    -0.00600599   0.00000000     0.24638724   0.00000000

     Dynamical  Matrix in cartesian axes

     q = (   -0.176776695  -0.530330086   0.530330086 ) 

    1    1
  0.29770675   0.00000000     0.00631735  -0.00780320    -0.00631735   0.00780320
  0.00631735   0.00780320     0.24638724   0.00000000    -0.00600599   0.00000000
 -0.00631735  -0.00780320    -0.00600599   0.00000000     0.24638724   0.00000000
    1    2
 -0.08028028   0.05878154     0.04349785  -0.04114619    -0.04349785   0.04114619
  0.04349785  -0.04114619    -0.06167280   0.06054626    -0.13564215  -0.04142285
 -0.04349785   0.04114619    -0.13564215  -0.04142285    -0.06167280   0.06054626
    2    1
 -0.08028028  -0.05878154     0.04349785   0.04114619    -0.04349785  -0.04114619
  0.04349785   0.04114619    -0.06167280  -0.06054626    -0.13564215   0.04142285
 -0.04349785  -0.04114619    -0.13564215   0.04142285    -0.06167280  -0.06054626
    2    2
  0.29770675   0.00000000     0.00631735   0.00780320    -0.00631735  -0.00780320
  0.00631735  -0.00780320     0.24638724   0.00000000    -0.00600599   0.00000000
 -0.00631735   0.00780320    -0.00600599   0.00000000     0.24638724   0.00000000

     Dynamical  Matrix in cartesian axes

     q = (    0.176776695   0.530330086   0.530330086 ) 

    1    1
  0.29770675   0.00000000     0.00631735  -0.00780320     0.00631735  -0.00780320
  0.00631735   0.00780320     0.24638724   0.00000000     0.00600599   0.00000000
  0.00631735   0.00780320     0.00600599   0.00000000     0.24638724   0.00000000
    1    2
  0.08028028  -0.05878154    -0.04349785   0.04114619    -0.04349785   0.04114619
 -0.04349785   0.04114619     0.06167280  -0.06054626    -0.13564215  -0.04142285
 -0.04349785   0.04114619    -0.13564215  -0.04142285     0.06167280  -0.06054626
    2    1
  0.08028028   0.05878154    -0.04349785  -0.04114619    -0.04349785  -0.04114619
 -0.04349785  -0.04114619     0.06167280   0.06054626    -0.13564215   0.04142285
 -0.04349785  -0.04114619    -0.13564215   0.04142285     0.06167280   0.06054626
    2    2
  0.29770675   0.00000000     0.00631735   0.00780320     0.00631735   0.00780320
  0.00631735  -0.00780320     0.24638724   0.00000000     0.00600599   0.00000000
  0.00631735  -0.00780320     0.00600599   0.00000000     0.24638724   0.00000000

     Dynamical  Matrix in cartesian axes

     q = (    0.530330086  -0.176776695  -0.530330086 ) 

    1    1
  0.24638724   0.00000000    -0.00631735  -0.00780320    -0.00600599   0.00000000
 -0.00631735   0.00780320     0.29770675   0.00000000     0.00631735  -0.00780320
 -0.00600599   0.00000000     0.00631735   0.00780320     0.24638724   0.00000000
    1    2
 -0.06167280   0.06054626    -0.04349785   0.04114619    -0.13564215  -0.04142285
 -0.04349785   0.04114619    -0.08028028   0.05878154     0.04349785  -0.04114619
 -0.13564215  -0.04142285     0.04349785  -0.04114619    -0.06167280   0.06054626
    2    1
 -0.06167280  -0.06054626    -0.04349785  -0.04114619    -0.13564215   0.04142285
 -0.04349785  -0.04114619    -0.08028028  -0.05878154     0.04349785   0.04114619
 -0.13564215   0.04142285     0.04349785   0.04114619    -0.06167280  -0.06054626
    2    2
  0.24638724   0.00000000    -0.00631735   0.00780320    -0.00600599   0.00000000
 -0.00631735  -0.00780320     0.29770675   0.00000000     0.00631735   0.00780320
 -0.00600599   0.00000000     0.00631735  -0.00780320     0.24638724   0.00000000

     Dynamical  Matrix in cartesian axes

     q = (   -0.530330086  -0.176776695  -0.530330086 ) 

    1    1
  0.24638724   0.00000000     0.00631735  -0.00780320     0.00600599   0.00000000
  0.00631735   0.00780320     0.29770675   0.00000000     0.00631735   0.00780320
  0.00600599   0.00000000     0.00631735  -0.00780320     0.24638724   0.00000000
    1    2
  0.06167280   0.06054626    -0.04349785  -0.04114619    -0.13564215   0.04142285
 -0.04349785  -0.04114619     0.08028028   0.05878154    -0.04349785  -0.04114619
 -0.13564215   0.04142285    -0.04349785  -0.04114619     0.06167280   0.06054626
    2    1
  0.06167280  -0.06054626    -0.04349785   0.04114619    -0.13564215  -0.04142285
 -0.04349785   0.04114619     0.08028028  -0.05878154    -0.04349785   0.04114619
 -0.13564215  -0.04142285    -0.04349785   0.04114619     0.06167280  -0.06054626
    2    2
  0.24638724   0.00000000     0.00631735   0.00780320     0.00600599   0.00000000
  0.00631735  -0.00780320     0.29770675   0.00000000     0.00631735  -0.00780320
  0.00600599   0.00000000     0.00631735   0.00780320     0.24638724   0.00000000

     Dynamical  Matrix in cartesian axes

     q = (    0.530330086  -0.176776695   0.530330086 ) 

    1    1
  0.24638724   0.00000000    -0.00631735   0.00780320     0.00600599   0.00000000
 -0.00631735  -0.00780320     0.29770675   0.00000000    -0.00631735  -0.00780320
  0.00600599   0.00000000    -0.00631735   0.00780320     0.24638724   0.00000000
    1    2
 -0.06054626   0.06167280    -0.04114619   0.04349785    -0.04142285  -0.13564215
 -0.04114619   0.04349785    -0.05878154   0.08028028    -0.04114619   0.04349785
 -0.04142285  -0.13564215    -0.04114619   0.04349785    -0.06054626   0.06167280
    2    1
 -0.06054626  -0.06167280    -0.04114619  -0.04349785    -0.04142285   0.13564215
 -0.04114619  -0.04349785    -0.05878154  -0.08028028    -0.04114619  -0.04349785
 -0.04142285   0.13564215    -0.04114619  -0.04349785    -0.06054626  -0.06167280
    2    2
  0.24638724   0.00000000    -0.00631735  -0.00780320     0.00600599   0.00000000
 -0.00631735   0.00780320     0.29770675   0.00000000    -0.00631735   0.00780320
  0.00600599   0.00000000    -0.00631735  -0.00780320     0.24638724   0.00000000

     Dynamical  Matrix in cartesian axes

     q = (   -0.530330086   0.530330086   0.176776695 ) 

    1    1
  0.24638724   0.00000000    -0.00600599   0.00000000    -0.00631735   0.00780320
 -0.00600599   0.00000000     0.24638724   0.00000000     0.00631735  -0.00780320
 -0.00631735  -0.00780320     0.00631735   0.00780320     0.29770675   0.00000000
    1    2
 -0.06167280  -0.06054626    -0.13564215   0.04142285    -0.04349785  -0.04114619
 -0.13564215   0.04142285    -0.06167280  -0.06054626     0.04349785   0.04114619
 -0.04349785  -0.04114619     0.04349785   0.04114619    -0.08028028  -0.05878154
    2    1
 -0.06167280   0.06054626    -0.13564215  -0.04142285    -0.04349785   0.04114619
 -0.13564215  -0.04142285    -0.06167280   0.06054626     0.04349785  -0.04114619
 -0.04349785   0.04114619     0.04349785  -0.04114619    -0.08028028   0.05878154
    2    2
  0.24638724   0.00000000    -0.00600599   0.00000000    -0.00631735  -0.00780320
 -0.00600599   0.00000000     0.24638724   0.00000000     0.00631735   0.00780320
 -0.00631735   0.00780320     0.00631735  -0.00780320     0.29770675   0.00000000

     Dynamical  Matrix in cartesian axes

     q = (    0.176776695   0.530330086  -0.530330086 ) 

    1    1
  0.29770675   0.00000000     0.00631735   0.00780320    -0.00631735  -0.00780320
  0.00631735  -0.00780320     0.24638724   0.00000000    -0.00600599   0.00000000
 -0.00631735   0.00780320    -0.00600599   0.00000000     0.24638724   0.00000000
    1    2
 -0.08028028  -0.05878154     0.04349785   0.04114619    -0.04349785  -0.04114619
  0.04349785   0.04114619    -0.06167280  -0.06054626    -0.13564215   0.04142285
 -0.04349785  -0.04114619    -0.13564215   0.04142285    -0.06167280  -0.06054626
    2    1
 -0.08028028   0.05878154     0.04349785  -0.04114619    -0.04349785   0.04114619
  0.04349785  -0.04114619    -0.06167280   0.06054626    -0.13564215  -0.04142285
 -0.04349785   0.04114619    -0.13564215  -0.04142285    -0.06167280   0.06054626
    2    2
  0.29770675   0.00000000     0.00631735  -0.00780320    -0.00631735   0.00780320
  0.00631735   0.00780320     0.24638724   0.00000000    -0.00600599   0.00000000
 -0.00631735  -0.00780320    -0.00600599   0.00000000     0.24638724   0.00000000

     Dynamical  Matrix in cartesian axes

     q = (    0.530330086   0.176776695  -0.530330086 ) 

    1    1
  0.24638724   0.00000000     0.00631735  -0.00780320    -0.00600599   0.00000000
  0.00631735   0.00780320     0.29770675   0.00000000    -0.00631735  -0.00780320
 -0.00600599   0.00000000    -0.00631735   0.00780320     0.24638724   0.00000000
    1    2
 -0.06167280  -0.06054626     0.04349785   0.04114619    -0.13564215   0.04142285
  0.04349785   0.04114619    -0.08028028  -0.05878154    -0.04349785  -0.04114619
 -0.13564215   0.04142285    -0.04349785  -0.04114619    -0.06167280  -0.06054626
    2    1
 -0.06167280   0.06054626     0.04349785  -0.04114619    -0.13564215  -0.04142285
  0.04349785  -0.04114619    -0.08028028   0.05878154    -0.04349785   0.04114619
 -0.13564215  -0.04142285    -0.04349785   0.04114619    -0.06167280   0.06054626
    2    2
  0.24638724   0.00000000     0.00631735   0.00780320    -0.00600599   0.00000000
  0.00631735  -0.00780320     0.29770675   0.00000000    -0.00631735   0.00780320
 -0.00600599   0.00000000    -0.00631735  -0.00780320     0.24638724   0.00000000

     Dynamical  Matrix in cartesian axes

     q = (   -0.176776695  -0.530330086  -0.530330086 ) 

    1    1
  0.29770675   0.00000000     0.00631735   0.00780320     0.00631735   0.00780320
  0.00631735  -0.00780320     0.24638724   0.00000000     0.00600599   0.00000000
  0.00631735  -0.00780320     0.00600599   0.00000000     0.24638724   0.00000000
    1    2
  0.08028028   0.05878154    -0.04349785  -0.04114619    -0.04349785  -0.04114619
 -0.04349785  -0.04114619     0.06167280   0.06054626    -0.13564215   0.04142285
 -0.04349785  -0.04114619    -0.13564215   0.04142285     0.06167280   0.06054626
    2    1
  0.08028028  -0.05878154    -0.04349785   0.04114619    -0.04349785   0.04114619
 -0.04349785   0.04114619     0.06167280  -0.06054626    -0.13564215  -0.04142285
 -0.04349785   0.04114619    -0.13564215  -0.04142285     0.06167280  -0.06054626
    2    2
  0.29770675   0.00000000     0.00631735  -0.00780320     0.00631735  -0.00780320
  0.00631735   0.00780320     0.24638724   0.00000000     0.00600599   0.00000000
  0.00631735   0.00780320     0.00600599   0.00000000     0.24638724   0.00000000

     Dynamical  Matrix in cartesian axes

     q = (    0.176776695  -0.530330086   0.530330086 ) 

    1    1
  0.29770675   0.00000000    -0.00631735  -0.00780320     0.00631735   0.00780320
 -0.00631735   0.00780320     0.24638724   0.00000000    -0.00600599   0.00000000
  0.00631735  -0.00780320    -0.00600599   0.00000000     0.24638724   0.00000000
    1    2
 -0.08028028  -0.05878154    -0.04349785  -0.04114619     0.04349785   0.04114619
 -0.04349785  -0.04114619    -0.06167280  -0.06054626    -0.13564215   0.04142285
  0.04349785   0.04114619    -0.13564215   0.04142285    -0.06167280  -0.06054626
    2    1
 -0.08028028   0.05878154    -0.04349785   0.04114619     0.04349785  -0.04114619
 -0.04349785   0.04114619    -0.06167280   0.06054626    -0.13564215  -0.04142285
  0.04349785  -0.04114619    -0.13564215  -0.04142285    -0.06167280   0.06054626
    2    2
  0.29770675   0.00000000    -0.00631735   0.00780320     0.00631735  -0.00780320
 -0.00631735  -0.00780320     0.24638724   0.00000000    -0.00600599   0.00000000
  0.00631735   0.00780320    -0.00600599   0.00000000     0.24638724   0.00000000

     Diagonalizing the dynamical matrix

     q = (    0.530330086  -0.530330086  -0.176776695 ) 

 **************************************************************************
     freq (    1) =       4.221096 [THz] =     140.800611 [cm-1]
 ( -0.355838  0.351254 -0.355838  0.351254 -0.000000 -0.000000 ) 
 ( -0.388063  0.315289 -0.388063  0.315289  0.000000  0.000000 ) 
     freq (    2) =       5.875250 [THz] =     195.977238 [cm-1]
 ( -0.172696  0.385824  0.172696 -0.385824 -0.356473  0.124735 ) 
 ( -0.290434 -0.307135  0.290434  0.307135 -0.377667  0.000000 ) 
     freq (    3) =       9.370997 [THz] =     312.582810 [cm-1]
 ( -0.226032 -0.214560  0.226032  0.214560 -0.177004  0.523848 ) 
 (  0.130914  0.282821 -0.130914 -0.282821 -0.552944  0.000000 ) 
     freq (    4) =      12.089539 [THz] =     403.263612 [cm-1]
 ( -0.214759 -0.247860  0.214759  0.247860  0.054038  0.531007 ) 
 ( -0.268329 -0.188562  0.268329  0.188562  0.533749  0.000000 ) 
     freq (    5) =      13.618005 [THz] =     454.247747 [cm-1]
 (  0.445836  0.226341  0.445836  0.226341 -0.000000  0.000000 ) 
 ( -0.421922 -0.268294 -0.421922 -0.268294  0.000000  0.000000 ) 
     freq (    6) =      14.024139 [THz] =     467.794926 [cm-1]
 ( -0.146336  0.308577  0.146336 -0.308577 -0.506029  0.103284 ) 
 (  0.205090  0.273078 -0.205090 -0.273078  0.516462  0.000000 ) 
 **************************************************************************
