Dynamical matrix file
phonons of Si mesh                                                         
  1    2   0   7.3077063   0.0000000   0.0000000   0.0000000   0.0000000   0.0000000
Basis vectors
      0.707106781    0.707106781    0.000000000
      0.707106781    0.000000000    0.707106781
      0.000000000    0.707106781    0.707106781
           1  'Si  '    25598.367289828169     
    1    1      0.0000000000      0.0000000000      0.0000000000
    2    1      0.3535533905      0.3535533905      0.3535533905

     Dynamical  Matrix in cartesian axes

     q = (   -0.176776695   0.176776695   0.176776695 ) 

    1    1
  0.27043095   0.00000000    -0.01157133   0.00000000    -0.01157133   0.00000000
 -0.01157133   0.00000000     0.27043095   0.00000000     0.01157133   0.00000000
 -0.01157133   0.00000000     0.01157133   0.00000000     0.27043095   0.00000000
    1    2
 -0.20113167   0.05865300    -0.03824367  -0.03958872    -0.03824367  -0.03958872
 -0.03824367  -0.03958872    -0.20113167   0.05865300     0.03824367   0.03958872
 -0.03824367  -0.03958872     0.03824367   0.03958872    -0.20113167   0.05865300
    2    1
 -0.20113167  -0.05865300    -0.03824367   0.03958872    -0.03824367   0.03958872
 -0.03824367   0.03958872    -0.20113167  -0.05865300     0.03824367  -0.03958872
 -0.03824367   0.03958872     0.03824367  -0.03958872    -0.20113167  -0.05865300
    2    2
  0.27043095   0.00000000    -0.01157133   0.00000000    -0.01157133   0.00000000
 -0.01157133   0.00000000     0.27043095   0.00000000     0.01157133   0.00000000
 -0.01157133   0.00000000     0.01157133   0.00000000     0.27043095   0.00000000

     Dynamical  Matrix in cartesian axes

     q = (   -0.176776695  -0.176776695  -0.176776695 ) 

    1    1
  0.27043095   0.00000000     0.01157133   0.00000000     0.01157133   0.00000000
  0.01157133   0.00000000     0.27043095   0.00000000     0.01157133   0.00000000
  0.01157133   0.00000000     0.01157133   0.00000000     0.27043095   0.00000000
    1    2
 -0.05865300  -0.20113167    -0.03958872   0.03824367    -0.03958872   0.03824367
 -0.03958872   0.03824367    -0.05865300  -0.20113167    -0.03958872   0.03824367
 -0.03958872   0.03824367    -0.03958872   0.03824367    -0.05865300  -0.20113167
    2    1
 -0.05865300   0.20113167    -0.03958872  -0.03824367    -0.03958872  -0.03824367
 -0.03958872  -0.03824367    -0.05865300   0.20113167    -0.03958872  -0.03824367
 -0.03958872  -0.03824367    -0.03958872  -0.03824367    -0.05865300   0.20113167
    2    2
  0.27043095   0.00000000     0.01157133   0.00000000     0.01157133   0.00000000
  0.01157133   0.00000000     0.27043095   0.00000000     0.01157133   0.00000000
  0.01157133   0.00000000     0.01157133   0.00000000     0.27043095   0.00000000

     Dynamical  Matrix in cartesian axes

     q = (    0.176776695  -0.176776695   0.176776695 ) 

    1    1
  0.27043095   0.00000000    -0.01157133   0.00000000     0.01157133   0.00000000
 -0.01157133   0.00000000     0.27043095   0.00000000    -0.01157133   0.00000000
  0.01157133   0.00000000    -0.01157133   0.00000000     0.27043095   0.00000000
    1    2
 -0.20113167   0.05865300    -0.03824367  -0.03958872     0.03824367   0.03958872
 -0.03824367  -0.03958872    -0.20113167   0.05865300    -0.03824367  -0.03958872
  0.03824367   0.03958872    -0.03824367  -0.03958872    -0.20113167   0.05865300
    2    1
 -0.20113167  -0.05865300    -0.03824367   0.03958872     0.03824367  -0.03958872
 -0.03824367   0.03958872    -0.20113167  -0.05865300    -0.03824367   0.03958872
  0.03824367  -0.03958872    -0.03824367   0.03958872    -0.20113167  -0.05865300
    2    2
  0.27043095   0.00000000    -0.01157133   0.00000000     0.01157133   0.00000000
 -0.01157133   0.00000000     0.27043095   0.00000000    -0.01157133   0.00000000
  0.01157133   0.00000000    -0.01157133   0.00000000     0.27043095   0.00000000

     Dynamical  Matrix in cartesian axes

     q = (    0.176776695  -0.176776695  -0.176776695 ) 

    1    1
  0.27043095   0.00000000    -0.01157133   0.00000000    -0.01157133   0.00000000
 -0.01157133   0.00000000     0.27043095   0.00000000     0.01157133   0.00000000
 -0.01157133   0.00000000     0.01157133   0.00000000     0.27043095   0.00000000
    1    2
 -0.20113167  -0.05865300    -0.03824367   0.03958872    -0.03824367   0.03958872
 -0.03824367   0.03958872    -0.20113167  -0.05865300     0.03824367  -0.03958872
 -0.03824367   0.03958872     0.03824367  -0.03958872    -0.20113167  -0.05865300
    2    1
 -0.20113167   0.05865300    -0.03824367  -0.03958872    -0.03824367  -0.03958872
 -0.03824367  -0.03958872    -0.20113167   0.05865300     0.03824367   0.03958872
 -0.03824367  -0.03958872     0.03824367   0.03958872    -0.20113167   0.05865300
    2    2
  0.27043095   0.00000000    -0.01157133   0.00000000    -0.01157133   0.00000000
 -0.01157133   0.00000000     0.27043095   0.00000000     0.01157133   0.00000000
 -0.01157133   0.00000000     0.01157133   0.00000000     0.27043095   0.00000000

     Dynamical  Matrix in cartesian axes

     q = (   -0.176776695   0.176776695  -0.176776695 ) 

    1    1
  0.27043095   0.00000000    -0.01157133   0.00000000     0.01157133   0.00000000
 -0.01157133   0.00000000     0.27043095   0.00000000    -0.01157133   0.00000000
  0.01157133   0.00000000    -0.01157133   0.00000000     0.27043095   0.00000000
    1    2
 -0.20113167  -0.05865300    -0.03824367   0.03958872     0.03824367  -0.03958872
 -0.03824367   0.03958872    -0.20113167  -0.05865300    -0.03824367   0.03958872
  0.03824367  -0.03958872    -0.03824367   0.03958872    -0.20113167  -0.05865300
    2    1
 -0.20113167   0.05865300    -0.03824367  -0.03958872     0.03824367   0.03958872
 -0.03824367  -0.03958872    -0.20113167   0.05865300    -0.03824367  -0.03958872
  0.03824367   0.03958872    -0.03824367  -0.03958872    -0.20113167   0.05865300
    2    2
  0.27043095   0.00000000    -0.01157133   0.00000000     0.01157133   0.00000000
 -0.01157133   0.00000000     0.27043095   0.00000000    -0.01157133   0.00000000
  0.01157133   0.00000000    -0.01157133   0.00000000     0.27043095   0.00000000

     Dynamical  Matrix in cartesian axes

     q = (   -0.176776695  -0.176776695   0.176776695 ) 

    1    1
  0.27043095   0.00000000     0.01157133   0.00000000    -0.01157133   0.00000000
  0.01157133   0.00000000     0.27043095   0.00000000    -0.01157133   0.00000000
 -0.01157133   0.00000000    -0.01157133   0.00000000     0.27043095   0.00000000
    1    2
 -0.20113167  -0.05865300     0.03824367  -0.03958872    -0.03824367   0.03958872
  0.03824367  -0.03958872    -0.20113167  -0.05865300    -0.03824367   0.03958872
 -0.03824367   0.03958872    -0.03824367   0.03958872    -0.20113167  -0.05865300
    2    1
 -0.20113167   0.05865300     0.03824367   0.03958872    -0.03824367  -0.03958872
  0.03824367   0.03958872    -0.20113167   0.05865300    -0.03824367  -0.03958872
 -0.03824367  -0.03958872    -0.03824367  -0.03958872    -0.20113167   0.05865300
    2    2
  0.27043095   0.00000000     0.01157133   0.00000000    -0.01157133   0.00000000
  0.01157133   0.00000000     0.27043095   0.00000000    -0.01157133   0.00000000
 -0.01157133   0.00000000    -0.01157133   0.00000000     0.27043095   0.00000000

     Dynamical  Matrix in cartesian axes

     q = (    0.176776695   0.176776695  -0.176776695 ) 

    1    1
  0.27043095   0.00000000     0.01157133   0.00000000    -0.01157133   0.00000000
  0.01157133   0.00000000     0.27043095   0.00000000    -0.01157133   0.00000000
 -0.01157133   0.00000000    -0.01157133   0.00000000     0.27043095   0.00000000
    1    2
 -0.20113167   0.05865300     0.03824367   0.03958872    -0.03824367  -0.03958872
  0.03824367   0.03958872    -0.20113167   0.05865300    -0.03824367  -0.03958872
 -0.03824367  -0.03958872    -0.03824367  -0.03958872    -0.20113167   0.05865300
    2    1
 -0.20113167  -0.05865300     0.03824367  -0.03958872    -0.03824367   0.03958872
  0.03824367  -0.03958872    -0.20113167  -0.05865300    -0.03824367   0.03958872
 -0.03824367   0.03958872    -0.03824367   0.03958872    -0.20113167  -0.05865300
    2    2
  0.27043095   0.00000000     0.01157133   0.00000000    -0.01157133   0.00000000
  0.01157133   0.00000000     0.27043095   0.00000000    -0.01157133   0.00000000
 -0.01157133   0.00000000    -0.01157133   0.00000000     0.27043095   0.00000000

     Dynamical  Matrix in cartesian axes

     q = (    0.176776695   0.176776695   0.176776695 ) 

    1    1
  0.27043095   0.00000000     0.01157133   0.00000000     0.01157133   0.00000000
  0.01157133   0.00000000     0.27043095   0.00000000     0.01157133   0.00000000
  0.01157133   0.00000000     0.01157133   0.00000000     0.27043095   0.00000000
    1    2
 -0.05865300   0.20113167    -0.03958872  -0.03824367    -0.03958872  -0.03824367
 -0.03958872  -0.03824367    -0.05865300   0.20113167    -0.03958872  -0.03824367
 -0.03958872  -0.03824367    -0.03958872  -0.03824367    -0.05865300   0.20113167
    2    1
 -0.05865300  -0.20113167    -0.03958872   0.03824367    -0.03958872   0.03824367
 -0.03958872   0.03824367    -0.05865300  -0.20113167    -0.03958872   0.03824367
 -0.03958872   0.03824367    -0.03958872   0.03824367    -0.05865300  -0.20113167
    2    2
  0.27043095   0.00000000     0.01157133   0.00000000     0.01157133   0.00000000
  0.01157133   0.00000000     0.27043095   0.00000000     0.01157133   0.00000000
  0.01157133   0.00000000     0.01157133   0.00000000     0.27043095   0.00000000

     Diagonalizing the dynamical matrix

     q = (   -0.176776695   0.176776695   0.176776695 ) 

 **************************************************************************
     freq (    1) =       2.813813 [THz] =      93.858683 [cm-1]
 ( -0.572492  0.060960 -0.322183  0.041025 -0.250308  0.019935 ) 
 ( -0.575524  0.015317 -0.324424  0.015317 -0.251101  0.000000 ) 
     freq (    2) =       2.813813 [THz] =      93.858683 [cm-1]
 ( -0.043062 -0.003992  0.475183 -0.045266 -0.518245  0.041274 ) 
 ( -0.042609 -0.007398  0.477277 -0.007398 -0.519886  0.000000 ) 
     freq (    3) =       6.749337 [THz] =     225.133664 [cm-1]
 ( -0.273827  0.302796  0.273827 -0.302796  0.273827 -0.302796 ) 
 ( -0.408248  0.000000  0.408248 -0.000000  0.408248  0.000000 ) 
     freq (    4) =      14.237061 [THz] =     474.897225 [cm-1]
 (  0.273827 -0.302796 -0.273827  0.302796 -0.273827  0.302796 ) 
 ( -0.408248  0.000000  0.408248 -0.000000  0.408248  0.000000 ) 
     freq (    5) =      14.524998 [THz] =     484.501795 [cm-1]
 ( -0.495913 -0.064259 -0.495793 -0.064269 -0.000120  0.000010 ) 
 (  0.489246  0.103427  0.489125  0.103427  0.000121  0.000000 ) 
     freq (    6) =      14.524998 [THz] =     484.501795 [cm-1]
 (  0.287660 -0.022931 -0.287868  0.022905  0.575528 -0.045836 ) 
 ( -0.288573  0.000022  0.288777  0.000022 -0.577350  0.000000 ) 
 **************************************************************************
